"Df" "SumOfSqs" "R2" "F" "Pr(>F)" ""
"Habitat" 1 26294.828750147 0.163222001471212 5.33591270183364 1e-04 7e-04
"Backbone" 2 9390.18883947403 0.058288473035331 0.952758209176127 0.4991 0.747483333333333
"Treatment" 1 4330.85817407404 0.0268832836287771 0.878845090054164 0.6407 0.747483333333333
"Habitat:Backbone" 2 9401.29366126777 0.0583574048871555 0.953884939458797 0.5878 0.747483333333333
"Habitat:Treatment" 1 4017.99748364156 0.0249412383483427 0.815357423036223 0.8198 0.8198
"Backbone:Treatment" 1 4510.59380238783 0.027998971023733 0.91531817878216 0.5606 0.747483333333333
"Habitat:Backbone:Treatment" 1 4594.85324551778 0.0285220014294908 0.932416637080506 0.5324 0.747483333333333
"Residual" 20 98557.9420784413 0.611786626175958 NA NA NA
"Total" 29 161098.556034951 1 NA NA NA
