"Df" "SumOfSqs" "R2" "F" "Pr(>F)" ""
"Location" 1 9571.71855494495 0.072711563219258 2.1538383603929 1e-04 7e-04
"Backbone" 2 8246.82920234963 0.0626470408070327 0.927855169668178 0.549 0.6626
"Treatment" 1 4156.47787986671 0.0315746856112104 0.935295104049678 0.6597 0.6626
"Location:Backbone" 2 7594.07290598351 0.0576883773823258 0.854413209218191 0.6626 0.6626
"Location:Treatment" 1 4332.9027173897 0.0329148969487422 0.974994409937312 0.5178 0.6626
"Backbone:Treatment" 1 4258.51569118199 0.0323498158791571 0.958255761632722 0.5402 0.6626
"Location:Backbone:Treatment" 1 4598.48275085315 0.0349323757621965 1.03475551349927 0.393 0.6626
"Residual" 20 88880.5653289498 0.675181244390077 NA NA NA
"Total" 29 131639.565031519 1 NA NA NA
