"Df" "SumOfSqs" "R2" "F" "Pr(>F)" ""
"Habitat" 1 21895.4773231967 0.109317620467732 3.29621869913447 1e-04 7e-04
"Backbone" 2 14261.5724340341 0.071203798830415 1.07349250811538 0.3123 0.6699
"Treatment" 1 5875.55695894 0.0293349122374909 0.884526079519155 0.7077 0.7077
"Habitat:Backbone" 2 12611.4864304851 0.0629654091021408 0.949287763459829 0.5742 0.6699
"Habitat:Treatment" 1 6765.28968138294 0.0337770836792934 1.01846943200507 0.3605 0.6699
"Backbone:Treatment" 1 6408.03054965353 0.0319933948565039 0.964686442346492 0.4884 0.6699
"Habitat:Backbone:Treatment" 1 6265.39736062623 0.0312812696722007 0.943213962991549 0.556 0.6699
"Residual" 19 126209.486418475 0.630126511154223 NA NA NA
"Total" 28 200292.297156794 1 NA NA NA
