"Df" "SumOfSqs" "R2" "F" "Pr(>F)" ""
"Location" 1 15849.3860097072 0.0778855442052678 2.25673132232755 1e-04 7e-04
"Backbone" 2 15622.8143917345 0.0767721475250139 1.11223534334843 0.1865 0.65275
"Treatment" 1 6187.40400434426 0.0304055518492043 0.880999958733201 0.7982 0.9064
"Location:Backbone" 2 13504.7061147395 0.0663635414289542 0.961440817622058 0.5961 0.9064
"Location:Treatment" 1 6226.62785616793 0.0305983019685617 0.886584887697552 0.7773 0.9064
"Backbone:Treatment" 1 6845.23584966515 0.0336382064919137 0.974666030671315 0.4927 0.9064
"Location:Backbone:Treatment" 1 5819.64126424537 0.0285983271949824 0.828635678233132 0.9064 0.9064
"Residual" 19 133440.047206793 0.655738379336102 NA NA NA
"Total" 28 203495.862697397 1 NA NA NA
